
> getting-starter-activity-server@1.0.0 dev
> node --watch server.js

[Server] VITE_DISCORD_CLIENT_ID env at start: 1404523361232752803
Server listening at http://localhost:3001
[Warmup] Share renderer warmed
Interaction received: {
  "type": "Buffer",
  "data": [
    123,
    34,
    97,
    112,
    112,
    95,
    112,
    101,
    114,
    109,
    105,
    115,
    115,
    105,
    111,
    110,
    115,
    34,
    58,
    34,
    53,
    54,
    50,
    57,
    52,
    57,
    57,
    53,
    51,
    54,
    48,
    49,
    53,
    51,
    54,
    34,
    44,
    34,
    97,
    112,
    112,
    108,
    105,
    99,
    97,
    116,
    105,
    111,
    110,
    95,
    105,
    100,
    34,
    58,
    34,
    49,
    52,
    48,
    52,
    53,
    50,
    51,
    51,
    54,
    49,
    50,
    51,
    50,
    55,
    53,
    50,
    56,
    48,
    51,
    34,
    44,
    34,
    97,
    116,
    116,
    97,
    99,
    104,
    109,
    101,
    110,
    116,
    95,
    115,
    105,
    122,
    101,
    95,
    108,
    105,
    109,
    105,
    116,
    34,
    58,
    49,
    48,
    52,
    56,
    53,
    55,
    54,
    48,
    44,
    34,
    97,
    117,
    116,
    104,
    111,
    114,
    105,
    122,
    105,
    110,
    103,
    95,
    105,
    110,
    116,
    101,
    103,
    114,
    97,
    116,
    105,
    111,
    110,
    95,
    111,
    119,
    110,
    101,
    114,
    115,
    34,
    58,
    123,
    34,
    49,
    34,
    58,
    34,
    53,
    48,
    54,
    50,
    55,
    55,
    49,
    53,
    50,
    55,
    53,
    51,
    51,
    49,
    57,
    57,
    53,
    54,
    34,
    125,
    44,
    34,
    99,
    104,
    97,
    110,
    110,
    101,
    108,
    34,
    58,
    123,
    34,
    102,
    108,
    97,
    103,
    115,
    34,
    58,
    48,
    44,
    34,
    105,
    100,
    34,
    58,
    34,
    49,
    50,
    48,
    57,
    53,
    57,
    52,
    51,
    53,
    53,
    48,
    56,
    50,
    51,
    51,
    52,
    50,
    54,
    48,
    34,
    44,
    34,
    108,
    97,
    115,
    116,
    95,
    109,
    101,
    115,
    115,
    97,
    103,
    101,
    95,
    105,
    100,
    34,
    58,
    34,
    49,
    52,
    48,
    53,
    53,
    55,
    53,
    56,
    52,
    52,
    52,
    57,
    57,
    50,
    57,
    54,
    52,
    48,
    56,
    34,
    44,
    34,
    114,
    101,
    99,
    105,
    112,
    105,
    101,
    110,
    116,
    95,
    102,
    108,
    97,
    103,
    115,
    34,
    58,
    48,
    44,
    34,
    114,
    101,
    99,
    105,
    112,
    105,
    101,
    110,
    116,
    115,
    34,
    58,
    91,
    123,
    34,
    97,
    118,
    97,
    116,
    97,
    114,
    34,
    58,
    34,
    102,
    50,
    53,
    100,
    49,
    99,
    48,
    55,
    102,
    56,
    53,
    98,
    99,
    99,
    50,
    48,
    49,
    56,
    52,
    97,
    57,
    54,
    54,
    100,
    98,
    49,
    57,
    51,
    51,
    52,
    102,
    51,
    34,
    44,
    34,
    97,
    118,
    97,
    116,
    97,
    114,
    95,
    100,
    101,
    99,
    111,
    114,
    97,
    116,
    105,
    111,
    110,
    95,
    100,
    97,
    116,
    97,
    34,
    58,
    110,
    117,
    108,
    108,
    44,
    34,
    99,
    108,
    97,
    110,
    34,
    58,
    110,
    117,
    108,
    108,
    44,
    34,
    99,
    111,
    108,
    108,
    101,
    99,
    116,
    105,
    98,
    108,
    101,
    115,
    34,
    58,
    110,
    117,
    108,
    108,
    44,
    34,
    100,
    105,
    115,
    99,
    114,
    105,
    109,
    105,
    110,
    97,
    116,
    111,
    114,
    34,
    58,
    34,
    48,
    34,
    44,
    34,
    100,
    105,
    115,
    112,
    108,
    97,
    121,
    95,
    110,
    97,
    109,
    101,
    95,
    115,
    116,
    121,
    108,
    101,
    115,
    34,
    58,
    110,
    117,
    108,
    108,
    44,
    34,
    103,
    108,
    111,
    98,
    97,
    108,
    95,
    110,
    97,
    109,
    101,
    34,
    58,
    34,
    70,
    97,
    106,
    110,
    121,
    66,
    111,
    116,
    34,
    44,
    34,
    105,
    100,
    34,
    58,
    34,
    49,
    50,
    48,
    57,
    53,
    57,
    52,
    48,
    50,
    55,
    50,
    50,
    50,
    50,
    52,
    49,
    51,
    49,
    48,
    34,
    44,
    34,
    112,
    114,
    105,
    109,
    97,
    114,
    121,
    95,
    103,
    117,
    105,
    108,
    100,
    34,
    58,
    110,
    117,
    108,
    108,
    44,
    34,
    112,
    117,
    98,
    108,
    105,
    99,
    95,
    102,
    108,
    97,
    103,
    115,
    34,
    58,
    48,
    44,
    34,
    117,
    115,
    101,
    114,
    110,
    97,
    109,
    101,
    34,
    58,
    34,
    116,
    114,
    97,
    110,
    115,
    108,
    97,
    116,
    111,
    114,
    107,
    97,
    109,
    105,
    108,
    101,
    115,
    122,
    97,
    34,
    125,
    93,
    44,
    34,
    116,
    121,
    112,
    101,
    34,
    58,
    49,
    125,
    44,
    34,
    99,
    104,
    97,
    110,
    110,
    101,
    108,
    95,
    105,
    100,
    34,
    58,
    34,
    49,
    50,
    48,
    57,
    53,
    57,
    52,
    51,
    53,
    53,
    48,
    56,
    50,
    51,
    51,
    52,
    50,
    54,
    48,
    34,
    44,
    34,
    99,
    111,
    110,
    116,
    101,
    120,
    116,
    34,
    58,
    50,
    44,
    34,
    100,
    97,
    116,
    97,
    34,
    58,
    123,
    34,
    105,
    100,
    34,
    58,
    34,
    49,
    52,
    48,
    52,
    53,
    50,
    54,
    53,
    51,
    53,
    55,
    53,
    52,
    54,
    52,
    53,
    53,
    49,
    53,
    34,
    44,
    34,
    110,
    97,
    109,
    101,
    34,
    58,
    34,
    115,
    108,
    111,
    119,
    107,
    111,
    34,
    44,
    34,
    116,
    121,
    112,
    101,
    34,
    58,
    52,
    125,
    44,
    34,
    101,
    110,
    116,
    105,
    116,
    108,
    101,
    109,
    101,
    110,
    116,
    115,
    34,
    58,
    91,
    93,
    44,
    34,
    105,
    100,
    34,
    58,
    34,
    49,
    52,
    48,
    53,
    53,
    57,
    50,
    49,
    57,
    49,
    56,
    50,
    48,
    49,
    48,
    51,
    56,
    53,
    49,
    34,
    44,
    34,
    108,
    111,
    99,
    97,
    108,
    101,
    34,
    58,
    34,
    112,
    108,
    34,
    44,
    34,
    116,
    111,
    107,
    101,
    110,
    34,
    58,
    34,
    97,
    87,
    53,
    48,
    90,
    88,
    74,
    104,
    89,
    51,
    82,
    112,
    98,
    50,
    52,
    54,
    77,
    84,
    81,
    119,
    78,
    84,
    85,
    53,
    77,
    106,
    69,
    53,
    77,
    84,
    103,
    121,
    77,
    68,
    69,
    119,
    77,
    122,
    103,
    49,
    77,
    84,
    112,
    116,
    78,
    88,
    90,
    119,
    83,
    49,
    78,
    118,
    90,
    107,
    49,
    72,
    87,
    72,
    112,
    107,
    101,
    108,
    74,
    112,
    90,
    50,
    78,
    48,
    90,
    108,
    74,
    70,
    82,
    87,
    112,
    53,
    77,
    106,
    70,
    86,
    98,
    69,
    112,
    119,
    99,
    107,
    112,
    78,
    100,
    51,
    70,
    112,
    99,
    87,
    57,
    52,
    84,
    88,
    82,
    120,
    83,
    109,
    53,
    116,
    82,
    50,
    69,
    52,
    101,
    109,
    120,
    51,
    101,
    69,
    90,
    86,
    84,
    87,
    103,
    53,
    84,
    87,
    104,
    71,
    82,
    110,
    82,
    52,
    78,
    69,
    100,
    105,
    99,
    50,
    53,
    111,
    101,
    70,
    74,
    84,
    99,
    109,
    49,
    114,
    90,
    51,
    104,
    88,
    98,
    48,
    112,
    67,
    98,
    110,
    78,
    122,
    99,
    50,
    77,
    51,
    83,
    85,
    74,
    122,
    82,
    71,
    73,
    120,
    85,
    86,
    69,
    120,
    101,
    109,
    70,
    80,
    87,
    86,
    82,
    80,
    84,
    122,
    108,
    108,
    100,
    69,
    49,
    104,
    82,
    50,
    100,
    122,
    100,
    85,
    100,
    66,
    82,
    70,
    69,
    122,
    83,
    71,
    69,
    121,
    99,
    108,
    78,
    111,
    90,
    107,
    100,
    48,
    85,
    103,
    34,
    44,
    34,
    116,
    121,
    112,
    101,
    34,
    58,
    50,
    44,
    34,
    117,
    115,
    101,
    114,
    34,
    58,
    123,
    34,
    97,
    118,
    97,
    116,
    97,
    114,
    34,
    58,
    34,
    48,
    100,
    98,
    54,
    100,
    52,
    101,
    54,
    100,
    56,
    101,
    52,
    56,
    99,
    101,
    102,
    53,
    51,
    57,
    50,
    55,
    50,
    102,
    49,
    97,
    49,
    102,
    54,
    57,
    55,
    102,
    56,
    34,
    44,
    34,
    97,
    118,
    97,
    116,
    97,
    114,
    95,
    100,
    101,
    99,
    111,
    114,
    97,
    116,
    105,
    111,
    110,
    95,
    100,
    97,
    116,
    97,
    34,
    58,
    110,
    117,
    108,
    108,
    44,
    34,
    99,
    108,
    97,
    110,
    34,
    58,
    123,
    34,
    98,
    97,
    100,
    103,
    101,
    34,
    58,
    34,
    56,
    101,
    50,
    101,
    97,
    48,
    50,
    54,
    97,
    100,
    55,
    49,
    57,
    98,
    56,
    101,
    100,
    99,
    54,
    51,
    101,
    100,
    99,
    51,
    102,
    49,
    49,
    49,
    99,
    57,
    101,
    52,
    34,
    44,
    34,
    105,
    100,
    101,
    110,
    116,
    105,
    116,
    121,
    95,
    101,
    110,
    97,
    98,
    108,
    101,
    100,
    34,
    58,
    116,
    114,
    117,
    101,
    44,
    34,
    105,
    100,
    101,
    110,
    116,
    105,
    116,
    121,
    95,
    103,
    117,
    105,
    108,
    100,
    95,
    105,
    100,
    34,
    58,
    34,
    55,
    49,
    49,
    57,
    52,
    50,
    51,
    51,
    57,
    50,
    49,
    57,
    54,
    56,
    53,
    52,
    48,
    55,
    34,
    44,
    34,
    116,
    97,
    103,
    34,
    58,
    34,
    83,
    85,
    83,
    34,
    125,
    44,
    34,
    99,
    111,
    108,
    108,
    101,
    99,
    116,
    105,
    98,
    108,
    101,
    115,
    34,
    58,
    110,
    117,
    108,
    108,
    44,
    34,
    100,
    105,
    115,
    99,
    114,
    105,
    109,
    105,
    110,
    97,
    116,
    111,
    114,
    34,
    58,
    34,
    48,
    34,
    44,
    34,
    100,
    105,
    115,
    112,
    108,
    97,
    121,
    95,
    110,
    97,
    109,
    101,
    95,
    115,
    116,
    121,
    108,
    101,
    115,
    34,
    58,
    110,
    117,
    108,
    108,
    44,
    34,
    103,
    108,
    111,
    98,
    97,
    108,
    95,
    110,
    97,
    109,
    101,
    34,
    58,
    34,
    75,
    111,
    120,
    101,
    107,
    34,
    44,
    34,
    105,
    100,
    34,
    58,
    34,
    53,
    48,
    54,
    50,
    55,
    55,
    49,
    53,
    50,
    55,
    53,
    51,
    51,
    49,
    57,
    57,
    53,
    54,
    34,
    44,
    34,
    112,
    114,
    105,
    109,
    97,
    114,
    121,
    95,
    103,
    117,
    105,
    108,
    100,
    34,
    58,
    123,
    34,
    98,
    97,
    100,
    103,
    101,
    34,
    58,
    34,
    56,
    101,
    50,
    101,
    97,
    48,
    50,
    54,
    97,
    100,
    55,
    49,
    57,
    98,
    56,
    101,
    100,
    99,
    54,
    51,
    101,
    100,
    99,
    51,
    102,
    49,
    49,
    49,
    99,
    57,
    101,
    52,
    34,
    44,
    34,
    105,
    100,
    101,
    110,
    116,
    105,
    116,
    121,
    95,
    101,
    110,
    97,
    98,
    108,
    101,
    100,
    34,
    58,
    116,
    114,
    117,
    101,
    44,
    34,
    105,
    100,
    101,
    110,
    116,
    105,
    116,
    121,
    95,
    103,
    117,
    105,
    108,
    100,
    95,
    105,
    100,
    34,
    58,
    34,
    55,
    49,
    49,
    57,
    52,
    50,
    51,
    51,
    57,
    50,
    49,
    57,
    54,
    56,
    53,
    52,
    48,
    55,
    34,
    44,
    34,
    116,
    97,
    103,
    34,
    58,
    34,
    83,
    85,
    83,
    34,
    125,
    44,
    34,
    112,
    117,
    98,
    108,
    105,
    99,
    95,
    102,
    108,
    97,
    103,
    115,
    34,
    58,
    54,
    52,
    44,
    34,
    117,
    115,
    101,
    114,
    110,
    97,
    109,
    101,
    34,
    58,
    34,
    107,
    111,
    120,
    101,
    107,
    49,
    48,
    49,
    34,
    125,
    44,
    34,
    118,
    101,
    114,
    115,
    105,
    111,
    110,
    34,
    58,
    49,
    125
  ]
}
Headers: {
  "host": "expensive-explains-bc-naturally.trycloudflare.com",
  "user-agent": "Discord-Interactions/1.0 (+https://discord.com)",
  "content-length": "1498",
  "accept-encoding": "gzip",
  "cdn-loop": "cloudflare; loops=1; subreqs=1",
  "cf-connecting-ip": "35.196.132.85",
  "cf-ew-via": "15",
  "cf-ipcountry": "US",
  "cf-ray": "96f1e680014ebd5e-WAW",
  "cf-visitor": "{\"scheme\":\"https\"}",
  "cf-warp-tag-id": "c9c50677-bd6e-4d94-8ce1-72b49f692c5d",
  "cf-worker": "trycloudflare.com",
  "connection": "keep-alive",
  "content-type": "application/json",
  "x-forwarded-for": "35.196.132.85",
  "x-forwarded-proto": "https",
  "x-signature-ed25519": "ea894b4130b3ad2c74fae7b18a57c5d98e20126544537045c7dc6d24c8ba3b5bff0a764d8ca39e94e5da27f6a10e163347bdb3c16a4e6656982ecb0c5b4f0802",
  "x-signature-timestamp": "1755189693"
}
c[32mRestarting 'server.js'[39m
[Server] VITE_DISCORD_CLIENT_ID env at start: 1404523361232752803
Server listening at http://localhost:3001
[Warmup] Share renderer warmed
Interaction received: {"app_permissions":"562949953601536","application_id":"1404523361232752803","attachment_size_limit":10485760,"authorizing_integration_owners":{"1":"506277152753319956"},"channel":{"flags":0,"id":"1209594355082334260","last_message_id":"1405575844499296408","recipient_flags":0,"recipients":[{"avatar":"f25d1c07f85bcc20184a966db19334f3","avatar_decoration_data":null,"clan":null,"collectibles":null,"discriminator":"0","display_name_styles":null,"global_name":"FajnyBot","id":"1209594027222241310","primary_guild":null,"public_flags":0,"username":"translatorkamilesza"}],"type":1},"channel_id":"1209594355082334260","context":2,"data":{"id":"1404526535754645515","name":"slowko","type":4},"entitlements":[],"id":"1405592487753683074","locale":"pl","token":"aW50ZXJhY3Rpb246MTQwNTU5MjQ4Nzc1MzY4MzA3NDpkYXpsM0c5SEpyTUR4Y3gzcWVNTmk2SGV4NHVHR1hxZklFUU9UZVREQ0N3VE83R0QxVnVvcFFyYjg4S3VwanB0SUNrNEtsMGFZZHpkTXJmd2ZVd25weUU1MUpKQ2lhQzhiZlg5bTB0UXFPeVZDYW1CYVoxMWd2S1l1aFNoRXlRYw","type":2,"user":{"avatar":"0db6d4e6d8e48cef539272f1a1f697f8","avatar_decoration_data":null,"clan":{"badge":"8e2ea026ad719b8edc63edc3f111c9e4","identity_enabled":true,"identity_guild_id":"711942339219685407","tag":"SUS"},"collectibles":null,"discriminator":"0","display_name_styles":null,"global_name":"Koxek","id":"506277152753319956","primary_guild":{"badge":"8e2ea026ad719b8edc63edc3f111c9e4","identity_enabled":true,"identity_guild_id":"711942339219685407","tag":"SUS"},"public_flags":64,"username":"koxek101"},"version":1}
Headers: {
  "host": "expensive-explains-bc-naturally.trycloudflare.com",
  "user-agent": "Discord-Interactions/1.0 (+https://discord.com)",
  "content-length": "1498",
  "accept-encoding": "gzip",
  "cdn-loop": "cloudflare; loops=1; subreqs=1",
  "cf-connecting-ip": "35.227.62.178",
  "cf-ew-via": "15",
  "cf-ipcountry": "US",
  "cf-ray": "96f1e83976103714-WAW",
  "cf-visitor": "{\"scheme\":\"https\"}",
  "cf-warp-tag-id": "c9c50677-bd6e-4d94-8ce1-72b49f692c5d",
  "cf-worker": "trycloudflare.com",
  "connection": "keep-alive",
  "content-type": "application/json",
  "x-forwarded-for": "35.227.62.178",
  "x-forwarded-proto": "https",
  "x-signature-ed25519": "a2eb22889d40cc8e44007eb31a26b768463aa4aa70fbabee79b1f127cd911c1cc989f1e236c4d8af03ad47a5c89921e84b06003bb24f5ed9ab9a2d58c8639403",
  "x-signature-timestamp": "1755189763"
}
c[32mRestarting 'server.js'[39m
c[32mRestarting 'server.js'[39m
[Server] VITE_DISCORD_CLIENT_ID env at start: 1404523361232752803
Server listening at http://localhost:3001
c[32mRestarting 'server.js'[39m
[Server] VITE_DISCORD_CLIENT_ID env at start: 1404523361232752803
Server listening at http://localhost:3001
[Warmup] Share renderer warmed
c[32mRestarting 'server.js'[39m
c[32mRestarting 'server.js'[39m
[Server] VITE_DISCORD_CLIENT_ID env at start: 1404523361232752803
Server listening at http://localhost:3001
[Warmup] Share renderer warmed
